capture                     sr       dc   drift/s  ac dBFS diff dBFS     1-30Hz   30-100Hz  100-300Hz 300-1000Hz 1000-3000Hz 3000-8000Hz  LF-HF dB
A2_ours_16k_align_1        16k    25743   -265125    -37.6     -90.3      -39.3      -73.0      -83.2      -90.8      -91.5      -89.4      8.3
A2_ours_16k_align_2        16k   -11989      3922    -42.9     -90.5      -48.9      -74.5      -84.4      -91.4      -91.9      -89.7      7.5
A_ours_16k_align_1         16k     -436     13405    -56.1     -90.1      -59.3      -74.5      -83.9      -90.8      -91.5      -89.3      7.6
A_ours_16k_align_2         16k    -6839    -66305    -50.7     -90.3      -57.1      -77.7      -83.6      -91.1      -91.4      -89.6      7.8
B_echo_48k_noalign_1       48k   -16119    -12768    -55.7     -85.9      -56.3      -76.3      -82.2      -90.8      -92.2      -90.5     10.0
B_echo_48k_noalign_2       48k     1862   -138776    -53.1     -85.9      -56.2      -74.6      -85.0      -91.1      -92.6      -90.5      7.6
C_48k_align_1              48k    -6898    -86797    -53.9     -85.0      -52.8      -74.9      -81.3      -86.3      -84.5      -87.8      3.2
C_48k_align_2              48k     2472     64461    -55.3     -85.1      -54.2      -77.8      -75.7      -88.5      -87.8      -88.4     12.1
D_16k_noalign_1            16k    19507     64272    -43.1     -87.6      -51.3      -77.0      -83.3      -80.9      -86.8      -87.5      3.5
D_16k_noalign_2            16k   -30681     38110    -45.0     -89.5      -49.7      -76.8      -84.0      -89.7      -89.7      -89.3      5.7
